%YAML:1.0
---
s: 203067
cameraMatrix: !!opencv-matrix
   rows: 3
   cols: 3
   dt: d
   data: [ 8.2322484623389789e+02, 0., 6.5199360623872849e+02, 0.,
       8.2322484623389789e+02, 5.0598339959414085e+02, 0., 0., 1. ]
rvecM1: !!opencv-matrix
   rows: 3
   cols: 3
   dt: d
   data: [ 2.439345783404379e-02, 8.943261827107734e-01, 4.467500846478651e-01, 9.92319262905849e-01,
       3.255049558874668e-02, -1.193438130064516e-01, -1.212742333758108e-01, 4.462299229712222e-01, -8.866630792833353e-01 ]
tvec1: !!opencv-matrix
   rows: 3
   cols: 1
   dt: d
   data: [ -3.017743808303063e+04, 7.905054684715167e+03,
       2.030233513756159e+05 ]
 
# 0
marker_0: 0
ip_0: "192.168.43.111"
port_0: 10000
p_0: -0.6
i_0: -0.9
d_0: 0.65

# 1
marker_1: 1
ip_1: "192.168.43.111"
port_1: 10000
p_1: -1.5
i_1: 1
d_1: 1.02

# 2
marker_2: 2
ip_2: "192.168.43.153"
port_2: 10000
p_2: -2.5
i_2: 2
d_2: 2.02

# 3
marker_3: 3
ip_3: "192.168.43.119"
port_3: 10000
p_3: -3.5
i_3: 3
d_3: 3.02

# 4
marker_4: 4
ip_4: "192.168.43.153"
port_4: 10000
p_4: -4.5
i_4: 4
d_4: 4.02

# 5
marker_5: 5
ip_5: "192.168.43.153"
port_5: 10000
p_5: -5.5
i_5: 5
d_5: 5.01

# 6
marker_6: 6
ip_6: "192.168.43.153"
port_6: 10000
p_6: -6.5
i_6: 6
d_6: 6.05

# 7
marker_7: 7
ip_7: "192.168.43.153"
port_7: 10000
p_7: -7.5
i_7: 7
d_7: 7.02



